0.1
0.1
0.22
0.1
0.11
0.11
0.11
1.001
0.2
0.7
0.07
0.1
0.23
0.24
0.23
0.22
0.12
0.24
0.11
0.89
2.80
0.22
4.6
1.08
0.34
2.12
0.64
0.04
0.34
1.23
2.1
1.1
1.22
3.1
6.11
9.11
2.11
1.001
3.2
6.7
8.07
2.1
1.23
3.24
1.23
3.22
5.12
3.24
1.11
0.89
2.80
2.22
4.6
1.08
2.34
2.12
7.64
9.04
2.34
1.23
2.1
1.1
1.22
3.1
6.11
9.11
2.11
1.001
3.2
6.7
8.07
2.1
1.23
3.24
1.23
3.22
5.12
3.24
1.11
0.89
2.80
2.22
4.6
1.08
2.34
2.12
7.64
9.04
2.34
1.23
2.1
1.1
1.22
3.1
6.11
9.11
2.11
1.001
3.2
6.7
8.07
2.1
1.23
3.24
1.23
3.22
5.12
3.24
1.11
0.89
2.80
2.22
4.6
1.08
2.34
2.12
7.64
9.04
2.34
1.23
2.1
1.1
1.22
3.1
6.11
9.11
2.11
1.001
3.2
6.7
8.07
2.1
1.23
3.24
1.23
3.22
5.12
3.24
1.11
0.89
2.80
2.22
4.6
1.08
2.34
2.12
7.64
9.04
2.34
1.23
1.23
4.24
6.56
2.0
1.0
3.0
4.0
5.0
6.0
7.0