3.3
2.6
3.77
65.77
24.98
44.98
23.08
57.98
2.98
43.7
6.7
0.88
0.76
0.01
0.12
5.76
8.96
3.46
2.34
7.17
3.46
9.46
0.87
7.89
2.143
3.3
2.6
3.77
0.01
0.001
0.012
0.11
0.002
2.98
43.7
6.7
0.88
0.76
0.01
0.12
5.76
8.96
3.46
2.34
7.17
3.46
9.46
0.87
7.89
2.143
0.01
0.001
0.012
0.11
0.002
5.235964286
0.01
0.001
0.012
0.11
0.002
5.638178571
5.705214286
5.77225
3.54
7.8
3.3
2.6
3.77
65.77
24.98
44.98
23.08
57.98
2.98
43.7
6.7
0.88
0.76
0.01
0.12
5.76
8.96
3.46
2.34
7.17
3.46
9.46
0.87
7.89
2.143
0.88
0.76
0.01
0.001
0.012
0.11
0.002
18.20666667
22.62666667